diffuse := gossip(TOP, far, 5, 2, 0, []) ->- gossip(TOP, near, 40, 10, 0, [])

n1 := CDF[(0.001, 0.3), (0.005, 0.6), (0.01, 1)]
n := n1 ->- n
nn := n^10

TOP := CDF[(0, 1)]
near := CDF[(0.036, 1)]
far := CDF[(0.207, 0.5), (0.804, 1)]

sim >= diffuse := CDF[(0.2325, 0.005), (0.2722, 0.0101), (0.2723, 0.0201), (0.3123, 0.0352), (0.3343, 0.0603), (0.3344, 0.0653), (0.3769, 0.0754), (0.3782, 0.0955), (0.4042, 0.1005), (0.4043, 0.1206), (0.4358, 0.1256), (0.4359, 0.1457), (0.4492, 0.1608), (0.4493, 0.1709), (0.4739, 0.1809), (0.4854, 0.2161), (0.4855, 0.2412), (0.4856, 0.3166), (0.4857, 0.3417), (0.4883, 0.3668), (0.4982, 0.3719), (0.5139, 0.3819), (0.525, 0.4573), (0.5251, 0.5126), (0.5444, 0.5176), (0.5445, 0.5327), (0.5575, 0.5528), (0.5632, 0.5578), (0.5772, 0.5678), (0.5773, 0.5729), (0.5841, 0.593), (0.6047, 0.598), (1.0397, 0.608), (1.0797, 0.6131), (1.0798, 0.6181), (1.0807, 0.6935), (1.0808, 0.7789), (1.0809, 0.804), (1.081, 0.809), (1.1202, 0.8442), (1.1203, 0.9347), (1.1204, 0.9899), (1.1205, 0.995), (1.1208, 1)] 1<>42 CDF[(0.0666, 0.005), (0.1058, 0.0151), (0.106, 0.0201), (0.1444, 0.0905), (0.1458, 0.1156), (0.1842, 0.1206), (0.1843, 0.191), (0.1844, 0.196), (0.2782, 0.201), (0.2783, 0.206), (0.3179, 0.2513), (0.318, 0.3266), (0.3182, 0.3317), (0.3241, 0.3367), (0.3254, 0.3518), (0.3255, 0.3668), (0.3256, 0.3719), (0.327, 0.407), (0.3568, 0.4171), (0.3569, 0.4874), (0.3642, 0.5025), (0.3643, 0.5276), (0.3852, 0.593), (0.3853, 0.598), (0.4897, 0.608), (0.4898, 0.6482), (0.4899, 0.6834), (0.5304, 0.6884), (0.5305, 0.7387), (0.5369, 0.7437), (0.5499, 0.7538), (0.55, 0.7588), (0.5502, 0.7688), (0.8741, 0.7739), (0.8754, 0.7789), (0.9126, 0.804), (0.9127, 0.8191), (0.9128, 0.8392), (0.9129, 0.8442), (0.9142, 0.8593), (0.9143, 0.8794), (0.9144, 0.8844), (0.9145, 0.8894), (0.9163, 0.8945), (0.953, 0.9548), (0.9531, 0.9598), (0.9532, 0.995), (0.9533, 1)] 1<>41 CDF[(0.0388, 0.005), (0.0791, 0.0201), (0.1196, 0.0402), (0.1197, 0.0854), (0.1198, 0.1005), (0.1199, 0.1055), (0.1203, 0.1156), (0.1593, 0.1508), (0.1594, 0.196), (0.2502, 0.206), (0.2895, 0.2261), (0.2896, 0.2814), (0.2897, 0.3668), (0.2898, 0.397), (0.2911, 0.407), (0.3288, 0.4523), (0.3289, 0.598), (0.4613, 0.603), (0.4614, 0.6734), (0.4615, 0.6884), (0.501, 0.7387), (0.5011, 0.7789), (0.8462, 0.7889), (0.8858, 0.794), (0.887, 0.8191), (0.8871, 0.8945), (0.8885, 0.8995), (0.9262, 0.9196), (0.9263, 0.9899), (0.9276, 0.995), (0.9446, 1)] 1<>40 CDF[(0.0394, 0.005), (0.0465, 0.0101), (0.0466, 0.0151), (0.076, 0.0201), (0.0866, 0.0804), (0.0867, 0.1106), (0.1168, 0.1156), (0.1255, 0.1256), (0.1256, 0.1457), (0.1268, 0.1508), (0.1315, 0.196), (0.211, 0.201), (0.2111, 0.206), (0.2567, 0.2764), (0.2568, 0.3367), (0.2629, 0.3417), (0.2692, 0.3467), (0.2874, 0.3719), (0.2875, 0.407), (0.2962, 0.4673), (0.2963, 0.5176), (0.2964, 0.5226), (0.3117, 0.5327), (0.3148, 0.5377), (0.327, 0.598), (0.422, 0.6231), (0.4221, 0.6482), (0.4224, 0.6533), (0.4225, 0.6583), (0.423, 0.6633), (0.4611, 0.6834), (0.4637, 0.6884), (0.468, 0.6985), (0.4681, 0.7186), (0.4682, 0.7236), (0.4684, 0.7337), (0.4815, 0.7387), (0.4836, 0.7588), (0.4932, 0.7638), (0.504, 0.7739), (0.5076, 0.794), (0.5077, 0.8141), (0.5079, 0.8191), (0.8084, 0.8241), (0.8086, 0.8291), (0.849, 0.8392), (0.8552, 0.8442), (0.8553, 0.8744), (0.8554, 0.9095), (0.8852, 0.9146), (0.8853, 0.9196), (0.8961, 0.9246), (0.8962, 0.9296), (0.8985, 0.9347), (0.8986, 0.9497), (0.8987, 0.9799), (0.8988, 0.9899), (0.926, 1)] 1<>39 CDF[(0.057, 0.005), (0.099, 0.0101), (0.0991, 0.0201), (0.1409, 0.0352), (0.141, 0.0503), (0.1471, 0.0704), (0.1574, 0.0804), (0.1575, 0.0905), (0.1824, 0.1005), (0.1873, 0.1055), (0.1957, 0.1206), (0.1958, 0.1256), (0.2007, 0.1407), (0.2008, 0.1558), (0.2092, 0.1608), (0.2166, 0.1658), (0.2167, 0.1709), (0.2295, 0.1759), (0.2368, 0.1809), (0.2369, 0.196), (0.2676, 0.206), (0.3062, 0.2111), (0.3063, 0.2161), (0.3111, 0.2261), (0.3112, 0.2864), (0.3113, 0.3668), (0.3114, 0.407), (0.3516, 0.4221), (0.3517, 0.5779), (0.3518, 0.598), (0.4789, 0.608), (0.479, 0.6231), (0.4791, 0.6482), (0.4792, 0.6734), (0.4793, 0.6784), (0.5179, 0.6884), (0.518, 0.7035), (0.5181, 0.7236), (0.5182, 0.7337), (0.5183, 0.7538), (0.5184, 0.7588), (0.8642, 0.7638), (0.8645, 0.7688), (0.9041, 0.7739), (0.9042, 0.7789), (0.9061, 0.8291), (0.9062, 0.8794), (0.9063, 0.8894), (0.9451, 0.9196), (0.9452, 1)] 1<>38 CDF[(0.0397, 0.005), (0.0403, 0.0151), (0.0404, 0.0201), (0.0794, 0.0251), (0.0795, 0.0402), (0.0966, 0.0553), (0.0967, 0.0653), (0.0986, 0.0704), (0.1079, 0.0905), (0.108, 0.1055), (0.1217, 0.1106), (0.1219, 0.1156), (0.1271, 0.1206), (0.136, 0.1256), (0.1368, 0.1307), (0.1369, 0.1457), (0.1376, 0.1508), (0.149, 0.1558), (0.1491, 0.1809), (0.1492, 0.1859), (0.1617, 0.191), (0.1618, 0.196), (0.2103, 0.201), (0.2104, 0.206), (0.2495, 0.2211), (0.2496, 0.2663), (0.2497, 0.3417), (0.2498, 0.3518), (0.2499, 0.3568), (0.25, 0.402), (0.2501, 0.407), (0.291, 0.4121), (0.2911, 0.4422), (0.2912, 0.598), (0.4204, 0.6131), (0.4205, 0.6231), (0.4206, 0.6281), (0.4207, 0.6332), (0.4209, 0.6432), (0.4612, 0.6583), (0.4613, 0.6633), (0.4712, 0.6784), (0.4725, 0.6834), (0.4951, 0.6884), (0.8075, 0.6935), (0.8077, 0.6985), (0.848, 0.7186), (0.8481, 0.8241), (0.8482, 0.8442), (0.8485, 0.8543), (0.8882, 0.8693), (0.8883, 0.9347), (0.8911, 0.9497), (0.8912, 0.9698), (0.9026, 0.9899), (0.9197, 0.995), (0.9327, 1)] 1<>37 CDF[(0.0429, 0.005), (0.083, 0.0101), (0.0832, 0.0151), (0.0833, 0.0201), (0.1228, 0.0251), (0.1229, 0.0704), (0.1242, 0.1156), (0.1624, 0.1256), (0.1625, 0.1508), (0.1638, 0.1658), (0.1639, 0.196), (0.2525, 0.201), (0.2526, 0.206), (0.291, 0.2161), (0.2937, 0.2312), (0.2938, 0.3618), (0.2939, 0.402), (0.294, 0.407), (0.3328, 0.4171), (0.3329, 0.5276), (0.333, 0.598), (0.466, 0.603), (0.4686, 0.608), (0.4722, 0.6281), (0.4723, 0.6583), (0.5071, 0.6633), (0.5084, 0.6683), (0.5129, 0.6734), (0.513, 0.7186), (0.8513, 0.7236), (0.8514, 0.7286), (0.8908, 0.7337), (0.8909, 0.7387), (0.891, 0.809), (0.8911, 0.8693), (0.93, 0.9246), (0.9301, 1)] 1<>36 CDF[(0.0602, 0.005), (0.1667, 0.0101), (0.1867, 0.0201), (0.2212, 0.0503), (0.2282, 0.0603), (0.2446, 0.0754), (0.2447, 0.0804), (0.246, 0.0905), (0.2599, 0.1156), (0.26, 0.1256), (0.2711, 0.1357), (0.2712, 0.1457), (0.2714, 0.1508), (0.2849, 0.1658), (0.285, 0.1709), (0.2987, 0.1809), (0.3114, 0.1859), (0.3117, 0.191), (0.3174, 0.201), (0.3297, 0.206), (0.3298, 0.2111), (0.3774, 0.2261), (0.3775, 0.2412), (0.3787, 0.2663), (0.3788, 0.2965), (0.3957, 0.3015), (0.3974, 0.3065), (0.3987, 0.3266), (0.3988, 0.3819), (0.399, 0.3869), (0.3992, 0.392), (0.3993, 0.397), (0.3995, 0.402), (0.4172, 0.4322), (0.4184, 0.4774), (0.4357, 0.4824), (0.437, 0.4925), (0.4371, 0.4975), (0.4386, 0.5327), (0.4444, 0.5477), (0.4445, 0.5578), (0.4654, 0.5628), (0.4655, 0.5779), (0.4695, 0.593), (0.4698, 0.598), (0.4819, 0.6131), (0.482, 0.6181), (0.4822, 0.6231), (0.4824, 0.6332), (0.4825, 0.6482), (0.4827, 0.6533), (0.4832, 0.6583), (0.5226, 0.6633), (0.5227, 0.6734), (0.5228, 0.6834), (0.523, 0.6935), (0.5232, 0.6985), (0.5247, 0.7035), (0.5248, 0.7085), (0.5249, 0.7186), (0.564, 0.7236), (0.5905, 0.7387), (0.5906, 0.7638), (0.605, 0.7688), (0.6292, 0.7739), (0.6293, 0.799), (0.6294, 0.804), (0.6422, 0.809), (0.8695, 0.8141), (0.8697, 0.8191), (0.9088, 0.8241), (0.9102, 0.8291), (0.9739, 0.8593), (0.974, 0.8744), (0.9945, 0.9095), (0.9946, 0.9146), (1.013, 0.9246), (1.0142, 0.9397), (1.031, 0.9447), (1.0337, 0.9648), (1.0581, 0.9749), (1.0582, 0.9849), (1.0618, 0.995), (1.0619, 1)] 1<>35 CDF[(0.0388, 0.0302), (0.0389, 0.0905), (0.039, 0.1005), (0.0778, 0.1206), (0.079, 0.1407), (0.0791, 0.1658), (0.0802, 0.196), (0.2108, 0.2111), (0.2109, 0.2563), (0.211, 0.2814), (0.2111, 0.2915), (0.2495, 0.3166), (0.2496, 0.397), (0.2509, 0.402), (0.251, 0.4472), (0.2511, 0.4925), (0.2889, 0.5628), (0.289, 0.598), (0.4222, 0.6231), (0.4223, 0.6935), (0.4224, 0.7236), (0.4629, 0.7337), (0.463, 0.8492), (0.8068, 0.8543), (0.8069, 0.8844), (0.807, 0.8945), (0.8071, 0.8995), (0.8467, 0.9749), (0.885, 0.995), (0.8899, 1)] 1<>34 CDF[(0.098, 0.005), (0.2257, 0.0151), (0.2674, 0.0302), (0.2675, 0.0352), (0.2809, 0.0402), (0.3089, 0.0452), (0.309, 0.0653), (0.3212, 0.0704), (0.3213, 0.0854), (0.3345, 0.0905), (0.3481, 0.1005), (0.3493, 0.1106), (0.3627, 0.1256), (0.3791, 0.1457), (0.3902, 0.1558), (0.3914, 0.1658), (0.3915, 0.1809), (0.4055, 0.1859), (0.4205, 0.206), (0.4323, 0.2211), (0.4372, 0.2412), (0.4373, 0.2513), (0.462, 0.2663), (0.4621, 0.3166), (0.4622, 0.3216), (0.4757, 0.3367), (0.4769, 0.3417), (0.4919, 0.3467), (0.492, 0.3668), (0.5029, 0.407), (0.5187, 0.4271), (0.5188, 0.4573), (0.5322, 0.4673), (0.5769, 0.4975), (0.5782, 0.5025), (0.5915, 0.5176), (0.5916, 0.5327), (0.5917, 0.5578), (0.6052, 0.5628), (0.6181, 0.603), (0.6313, 0.608), (0.6314, 0.6181), (0.6359, 0.6231), (0.6747, 0.6281), (0.6791, 0.6382), (0.7197, 0.6683), (0.9051, 0.6734), (0.9052, 0.6784), (0.9444, 0.6834), (0.9445, 0.6884), (1.0332, 0.7337), (1.0344, 0.7387), (1.0345, 0.804), (1.0726, 0.8241), (1.0727, 0.9196), (1.0895, 0.9296), (1.0909, 0.9497), (1.091, 0.9548), (1.0912, 0.9598), (1.1284, 0.9698), (1.1298, 0.9799), (1.1299, 0.995), (1.13, 1)] 1<>33 CDF[(0.0413, 0.005), (0.0989, 0.0101), (0.099, 0.0151), (0.1132, 0.0201), (0.141, 0.1106), (0.1527, 0.1156), (0.1819, 0.191), (0.182, 0.196), (0.2525, 0.206), (0.2914, 0.2161), (0.3103, 0.2412), (0.3104, 0.3015), (0.3117, 0.3317), (0.3118, 0.3518), (0.3231, 0.3568), (0.3247, 0.397), (0.3248, 0.407), (0.3509, 0.4171), (0.351, 0.5427), (0.3649, 0.5477), (0.365, 0.5829), (0.3651, 0.598), (0.4651, 0.603), (0.4652, 0.6382), (0.4653, 0.6734), (0.5073, 0.6985), (0.5074, 0.7437), (0.5148, 0.7487), (0.5163, 0.7538), (0.5222, 0.7739), (0.5223, 0.7789), (0.5297, 0.7839), (0.5557, 0.7889), (0.5681, 0.8191), (0.8499, 0.8241), (0.85, 0.8291), (0.8896, 0.8342), (0.8897, 0.8392), (0.9096, 0.8442), (0.9097, 0.8643), (0.9098, 0.9146), (0.9101, 0.9196), (0.9489, 0.9497), (0.9602, 0.9598), (1.0056, 0.9648), (1.019, 0.9698), (1.0193, 0.9749), (1.0322, 0.9899), (1.0323, 1)] 1<>32 CDF[(0.0513, 0.005), (0.0911, 0.0101), (0.0912, 0.0201), (0.1309, 0.0302), (0.131, 0.1156), (0.1715, 0.1608), (0.1716, 0.191), (0.1895, 0.196), (0.2619, 0.201), (0.262, 0.206), (0.3022, 0.2965), (0.3023, 0.397), (0.3024, 0.402), (0.3049, 0.407), (0.341, 0.4322), (0.3411, 0.5678), (0.3423, 0.593), (0.3481, 0.598), (0.4726, 0.6432), (0.4727, 0.6482), (0.5137, 0.6734), (0.5362, 0.6834), (0.557, 0.6935), (0.5571, 0.6985), (0.8601, 0.7085), (0.8983, 0.7136), (0.8984, 0.7839), (0.8985, 0.8442), (0.8999, 0.8492), (0.9246, 0.8543), (0.9381, 0.9045), (0.9382, 0.9749), (0.9383, 0.9799), (0.9441, 0.9899), (0.9705, 0.995), (0.9814, 1)] 1<>31 CDF[(0.0415, 0.005), (0.1267, 0.0704), (0.1268, 0.0955), (0.1686, 0.1005), (0.2554, 0.1055), (0.2555, 0.1407), (0.2556, 0.1508), (0.2969, 0.1658), (0.297, 0.2111), (0.3275, 0.2261), (0.3276, 0.2312), (0.3384, 0.2462), (0.3418, 0.2663), (0.3419, 0.2864), (0.3685, 0.2965), (0.3686, 0.3166), (0.3687, 0.3266), (0.3818, 0.3367), (0.3819, 0.3819), (0.3977, 0.3869), (0.4017, 0.392), (0.4018, 0.397), (0.4085, 0.402), (0.4132, 0.407), (0.4145, 0.4372), (0.4385, 0.4623), (0.4386, 0.4975), (0.4387, 0.5075), (0.4413, 0.5126), (0.468, 0.5327), (0.4807, 0.5678), (0.5249, 0.5779), (0.525, 0.5879), (0.5383, 0.608), (0.5384, 0.6382), (0.5431, 0.6432), (0.5935, 0.6482), (0.5977, 0.6533), (0.6113, 0.6583), (0.6114, 0.6683), (0.6492, 0.6734), (0.6715, 0.6784), (0.6716, 0.6834), (0.6854, 0.6884), (0.7132, 0.6985), (0.7216, 0.7035), (0.7936, 0.7136), (0.7937, 0.7186), (0.8493, 0.7236), (0.8498, 0.7839), (0.8499, 0.799), (0.85, 0.804), (0.8501, 0.809), (0.8882, 0.8141), (0.8885, 0.8894), (0.8886, 0.8995), (0.9345, 0.9045), (0.9386, 0.9397), (0.9387, 0.9447), (0.9743, 0.9497), (0.9786, 0.9698), (0.9787, 0.9849), (0.9788, 0.9899), (1.1358, 0.995), (1.1749, 1)] 1<>30 CDF[(0.0421, 0.0201), (0.0848, 0.0704), (0.0849, 0.1156), (0.1254, 0.1407), (0.1255, 0.196), (0.212, 0.201), (0.2121, 0.206), (0.2535, 0.2161), (0.2536, 0.2513), (0.2537, 0.3116), (0.2538, 0.397), (0.2949, 0.4322), (0.295, 0.4774), (0.2951, 0.5879), (0.4791, 0.593), (0.4963, 0.598), (0.8082, 0.608), (0.8478, 0.6181), (0.8492, 0.6332), (0.8493, 0.6935), (0.8494, 0.7739), (0.8495, 0.809), (0.8896, 0.8291), (0.8897, 0.8693), (0.8898, 0.9146), (0.8899, 0.9397), (0.8901, 0.9648), (0.8902, 0.9749), (0.8903, 0.9849), (0.8905, 0.9899), (0.8911, 1)] 1<>29 CDF[(0.0407, 0.005), (0.0962, 0.0151), (0.1237, 0.0201), (0.135, 0.0251), (0.1354, 0.0352), (0.1355, 0.0402), (0.1356, 0.0503), (0.1357, 0.0653), (0.1361, 0.0704), (0.1364, 0.0804), (0.1365, 0.0854), (0.1819, 0.0955), (0.182, 0.1055), (0.1945, 0.1206), (0.1946, 0.1357), (0.1961, 0.1407), (0.1963, 0.1457), (0.2077, 0.1508), (0.2092, 0.1558), (0.2093, 0.1608), (0.2099, 0.1658), (0.2183, 0.1809), (0.2201, 0.1859), (0.2206, 0.201), (0.2207, 0.206), (0.2395, 0.2111), (0.2396, 0.2161), (0.2398, 0.2211), (0.24, 0.2261), (0.2401, 0.2412), (0.2402, 0.2462), (0.2405, 0.2513), (0.2485, 0.2563), (0.2493, 0.2663), (0.2499, 0.2714), (0.2769, 0.2764), (0.277, 0.2864), (0.2771, 0.2915), (0.28, 0.2965), (0.2801, 0.3065), (0.2802, 0.3116), (0.2803, 0.3216), (0.2804, 0.3266), (0.2805, 0.3317), (0.2806, 0.3367), (0.3062, 0.3618), (0.3063, 0.3719), (0.308, 0.4221), (0.3081, 0.4523), (0.3083, 0.4573), (0.3164, 0.4673), (0.3165, 0.4774), (0.3454, 0.4824), (0.3455, 0.4975), (0.3469, 0.5578), (0.347, 0.593), (0.35, 0.598), (0.4198, 0.608), (0.4202, 0.6131), (0.4222, 0.6181), (0.4224, 0.6231), (0.4225, 0.6281), (0.4226, 0.6382), (0.4227, 0.6432), (0.4512, 0.6482), (0.4519, 0.6533), (0.4604, 0.6633), (0.4605, 0.6683), (0.462, 0.6734), (0.4623, 0.6784), (0.4624, 0.6935), (0.4625, 0.6985), (0.492, 0.7085), (0.8089, 0.7136), (0.8101, 0.7236), (0.8168, 0.7286), (0.8172, 0.7337), (0.819, 0.7739), (0.8191, 0.794), (0.8482, 0.799), (0.8494, 0.809), (0.8563, 0.8141), (0.8575, 0.8744), (0.8586, 0.8794), (0.9035, 0.9397), (0.9428, 0.9799), (0.9429, 1)] 1<>28 CDF[(0.0414, 0.005), (0.0415, 0.0101), (0.0492, 0.0201), (0.0818, 0.1055), (0.0901, 0.1156), (0.122, 0.1457), (0.1221, 0.1809), (0.1528, 0.196), (0.2112, 0.201), (0.2113, 0.206), (0.2501, 0.2111), (0.2502, 0.2161), (0.2513, 0.2211), (0.2514, 0.2563), (0.2596, 0.2613), (0.2597, 0.3216), (0.2598, 0.3518), (0.2636, 0.397), (0.2637, 0.407), (0.2914, 0.4171), (0.2915, 0.4472), (0.3001, 0.4925), (0.3036, 0.4975), (0.3112, 0.5126), (0.3448, 0.5226), (0.3769, 0.5427), (0.4188, 0.5477), (0.4189, 0.598), (0.4211, 0.6332), (0.4212, 0.6382), (0.4615, 0.6482), (0.4616, 0.6533), (0.4766, 0.6734), (0.4767, 0.6784), (0.4945, 0.6834), (0.5176, 0.6935), (0.5348, 0.7186), (0.544, 0.7236), (0.5865, 0.7286), (0.8082, 0.7337), (0.8083, 0.7387), (0.8476, 0.7437), (0.851, 0.7588), (0.8511, 0.7739), (0.857, 0.794), (0.8571, 0.8442), (0.8572, 0.8693), (0.8868, 0.8744), (0.8921, 0.8894), (0.899, 0.8995), (0.8991, 0.9598), (0.8992, 0.9648), (0.9361, 0.9698), (0.9362, 0.9749), (0.9872, 0.9799), (0.9887, 1)] 1<>27 CDF[(0.0588, 0.005), (0.1107, 0.0101), (0.112, 0.0201), (0.1501, 0.0553), (0.1502, 0.1055), (0.1527, 0.1156), (0.1902, 0.1407), (0.1903, 0.196), (0.2694, 0.206), (0.3092, 0.2111), (0.3093, 0.2161), (0.3215, 0.2312), (0.3228, 0.2462), (0.3229, 0.3116), (0.323, 0.402), (0.3231, 0.407), (0.3618, 0.4121), (0.3619, 0.4221), (0.363, 0.4271), (0.3631, 0.5427), (0.3632, 0.598), (0.4794, 0.6432), (0.4795, 0.6533), (0.5202, 0.6784), (0.5387, 0.6834), (0.5404, 0.6884), (0.5499, 0.6935), (0.5523, 0.7035), (0.5537, 0.7136), (0.5677, 0.7186), (0.6048, 0.7236), (0.6948, 0.7286), (0.8667, 0.7387), (0.9204, 0.7437), (0.9205, 0.794), (0.9206, 0.8593), (0.9207, 0.8693), (0.9339, 0.8744), (0.9606, 0.9347), (0.9607, 0.9598), (0.963, 0.9749), (0.9808, 0.9799), (1.036, 0.9849), (1.0361, 1)] 1<>26 CDF[(0.0413, 0.005), (0.0414, 0.0151), (0.0415, 0.0201), (0.0807, 0.0955), (0.0808, 0.1156), (0.1194, 0.1407), (0.1195, 0.1658), (0.1314, 0.1859), (0.1424, 0.196), (0.2128, 0.201), (0.2129, 0.206), (0.2525, 0.2211), (0.2526, 0.2714), (0.2527, 0.3467), (0.2528, 0.407), (0.2924, 0.4121), (0.2925, 0.5176), (0.2937, 0.598), (0.4243, 0.6231), (0.4244, 0.6784), (0.464, 0.7588), (0.8074, 0.7688), (0.8467, 0.7739), (0.8468, 0.7789), (0.8491, 0.7839), (0.8492, 0.8291), (0.8493, 0.8392), (0.8496, 0.8794), (0.8497, 0.8894), (0.8901, 0.9648), (0.933, 0.9799), (1.0309, 0.995), (1.0443, 1)] 1<>25 CDF[(0.0395, 0.005), (0.0787, 0.0251), (0.08, 0.0302), (0.0812, 0.0352), (0.0893, 0.0553), (0.0905, 0.0653), (0.0906, 0.0704), (0.1022, 0.0955), (0.1173, 0.1005), (0.1174, 0.1156), (0.1186, 0.1206), (0.1203, 0.1256), (0.1216, 0.1307), (0.129, 0.1407), (0.1325, 0.1508), (0.1336, 0.1558), (0.138, 0.1608), (0.1414, 0.1658), (0.1415, 0.1809), (0.1778, 0.196), (0.2504, 0.201), (0.2505, 0.2513), (0.2506, 0.2663), (0.2883, 0.2764), (0.2884, 0.2965), (0.2885, 0.3015), (0.2889, 0.3065), (0.289, 0.3518), (0.2891, 0.3618), (0.2892, 0.397), (0.2893, 0.407), (0.2905, 0.4171), (0.2928, 0.4422), (0.2929, 0.4623), (0.2976, 0.4673), (0.3283, 0.4724), (0.3284, 0.5075), (0.3477, 0.5176), (0.3478, 0.5226), (0.349, 0.593), (0.3491, 0.598), (0.4612, 0.603), (0.4613, 0.6231), (0.4614, 0.6533), (0.5003, 0.6683), (0.5004, 0.6734), (0.502, 0.6784), (0.5021, 0.7085), (0.8467, 0.7136), (0.8468, 0.7186), (0.8469, 0.7236), (0.8471, 0.7638), (0.8472, 0.7688), (0.8855, 0.794), (0.8869, 0.8442), (0.8892, 0.9146), (0.925, 0.9246), (0.9251, 0.9296), (0.9291, 0.9397), (0.9292, 1)] 1<>24 CDF[(0.0402, 0.0151), (0.0812, 0.0302), (0.1028, 0.0352), (0.1056, 0.0452), (0.1175, 0.0603), (0.1176, 0.0653), (0.1206, 0.0704), (0.1355, 0.0905), (0.1356, 0.0955), (0.1445, 0.1005), (0.1446, 0.1156), (0.1447, 0.1206), (0.1487, 0.1307), (0.1572, 0.1457), (0.1754, 0.1508), (0.2111, 0.1608), (0.2324, 0.1759), (0.2325, 0.1809), (0.2477, 0.1859), (0.2503, 0.191), (0.2504, 0.2412), (0.2505, 0.2714), (0.2517, 0.2814), (0.2577, 0.2864), (0.2578, 0.3015), (0.2579, 0.3065), (0.258, 0.3216), (0.2581, 0.3266), (0.2713, 0.3417), (0.2714, 0.3467), (0.2766, 0.3518), (0.2919, 0.3668), (0.292, 0.4171), (0.2922, 0.4271), (0.3006, 0.4372), (0.3146, 0.4422), (0.3147, 0.4724), (0.3148, 0.4874), (0.3171, 0.4925), (0.3172, 0.5276), (0.3418, 0.5377), (0.3489, 0.5427), (0.3559, 0.5729), (0.4002, 0.5779), (0.4135, 0.5879), (0.4233, 0.593), (0.4234, 0.6181), (0.4235, 0.6231), (0.4269, 0.6332), (0.427, 0.6533), (0.4569, 0.6633), (0.4615, 0.7085), (0.4628, 0.7186), (0.4629, 0.7437), (0.4665, 0.7487), (0.4666, 0.7688), (0.4761, 0.7739), (0.5015, 0.799), (0.5016, 0.809), (0.5066, 0.8141), (0.5343, 0.8191), (0.8077, 0.8241), (0.8078, 0.8291), (0.8475, 0.8392), (0.8477, 0.8794), (0.8491, 0.8894), (0.8492, 0.9196), (0.8894, 1)] 1<>23 CDF[(0.0578, 0.0101), (0.0579, 0.0201), (0.097, 0.0251), (0.0971, 0.0754), (0.0972, 0.1055), (0.1024, 0.1106), (0.1025, 0.1156), (0.1365, 0.1457), (0.1366, 0.1859), (0.1414, 0.191), (0.1415, 0.196), (0.2116, 0.201), (0.2117, 0.206), (0.2522, 0.2161), (0.27, 0.2764), (0.2701, 0.3266), (0.2702, 0.397), (0.2703, 0.407), (0.3093, 0.4422), (0.3094, 0.593), (0.3254, 0.598), (0.4223, 0.6533), (0.4224, 0.6583), (0.4624, 0.6734), (0.4625, 0.7085), (0.4682, 0.7136), (0.5245, 0.7186), (0.8074, 0.7286), (0.8464, 0.7337), (0.8596, 0.7387), (0.8645, 0.7437), (0.8646, 0.7839), (0.8647, 0.8693), (0.9034, 0.9347), (0.9035, 0.9899), (0.9064, 1)] 1<>22 CDF[(0.1142, 0.005), (0.1167, 0.0201), (0.1563, 0.0302), (0.1719, 0.0352), (0.172, 0.0603), (0.1799, 0.0653), (0.18, 0.0704), (0.1999, 0.0854), (0.2, 0.1005), (0.2001, 0.1055), (0.2003, 0.1156), (0.2098, 0.1256), (0.2129, 0.1508), (0.2209, 0.1608), (0.2409, 0.191), (0.241, 0.206), (0.2491, 0.2111), (0.2496, 0.2161), (0.3249, 0.2462), (0.325, 0.2513), (0.3251, 0.2563), (0.3263, 0.2764), (0.3264, 0.3467), (0.3265, 0.3668), (0.3401, 0.3719), (0.3402, 0.392), (0.3526, 0.402), (0.3527, 0.407), (0.364, 0.4121), (0.3641, 0.4221), (0.3659, 0.4422), (0.366, 0.5126), (0.3807, 0.5276), (0.3808, 0.5477), (0.3854, 0.5628), (0.3891, 0.5678), (0.3892, 0.5829), (0.392, 0.598), (0.4199, 0.608), (0.42, 0.6332), (0.4201, 0.6432), (0.4202, 0.6533), (0.4204, 0.6583), (0.4589, 0.6784), (0.459, 0.7186), (0.8073, 0.7286), (0.8478, 0.7387), (0.9216, 0.7789), (0.924, 0.8392), (0.9241, 0.8693), (0.9616, 0.8844), (0.9617, 0.9095), (0.9634, 0.9296), (0.9649, 0.9698), (0.965, 1)] 1<>21 CDF[(0.0639, 0.005), (0.1355, 0.0151), (0.1356, 0.0201), (0.1744, 0.0352), (0.1826, 0.0603), (0.1827, 0.0704), (0.2094, 0.0754), (0.2688, 0.0804), (0.2697, 0.0854), (0.2698, 0.0905), (0.2699, 0.0955), (0.27, 0.1156), (0.2762, 0.1206), (0.2763, 0.1256), (0.2825, 0.1407), (0.2837, 0.1558), (0.2838, 0.1658), (0.3099, 0.1709), (0.339, 0.1809), (0.3391, 0.196), (0.3404, 0.201), (0.3466, 0.2161), (0.3467, 0.2764), (0.3468, 0.3367), (0.3469, 0.3417), (0.3521, 0.3467), (0.36, 0.3518), (0.3601, 0.3568), (0.367, 0.3618), (0.3671, 0.3769), (0.3783, 0.392), (0.3797, 0.407), (0.3878, 0.4322), (0.3879, 0.5126), (0.388, 0.5327), (0.3924, 0.5377), (0.3925, 0.5427), (0.3943, 0.5477), (0.408, 0.5528), (0.4186, 0.5628), (0.4187, 0.5678), (0.4439, 0.5729), (0.444, 0.5879), (0.4509, 0.593), (0.4572, 0.598), (0.4859, 0.603), (0.4871, 0.6131), (0.4872, 0.6482), (0.5259, 0.6834), (0.5279, 0.6985), (0.8709, 0.7085), (0.9109, 0.7186), (0.9427, 0.7286), (0.9428, 0.7437), (0.9429, 0.7588), (0.9442, 0.8141), (0.9443, 0.8543), (0.9444, 0.8593), (0.9815, 0.8744), (0.982, 0.8844), (0.9834, 0.9598), (0.9835, 1)] 1<>20 CDF[(0.0394, 0.005), (0.0395, 0.0503), (0.0452, 0.0603), (0.0708, 0.0704), (0.0709, 0.1005), (0.0789, 0.1457), (0.0848, 0.1558), (0.1533, 0.1658), (0.1534, 0.1709), (0.1545, 0.1809), (0.1568, 0.196), (0.2116, 0.201), (0.2117, 0.2412), (0.213, 0.2462), (0.2504, 0.2613), (0.2505, 0.3166), (0.2506, 0.4171), (0.2519, 0.4271), (0.281, 0.4372), (0.2903, 0.4422), (0.2904, 0.5075), (0.2905, 0.5427), (0.3178, 0.5477), (0.3216, 0.5779), (0.3241, 0.5829), (0.3253, 0.593), (0.3593, 0.598), (0.4212, 0.6181), (0.4213, 0.6633), (0.4214, 0.6734), (0.4215, 0.6834), (0.4216, 0.6884), (0.4217, 0.6935), (0.4608, 0.7236), (0.4609, 0.7789), (0.461, 0.7889), (0.8088, 0.8392), (0.8089, 0.8442), (0.8468, 0.8593), (0.8469, 0.8794), (0.847, 0.8995), (0.8471, 0.9095), (0.8497, 0.9146), (0.8498, 0.9497), (0.8858, 0.9698), (0.8859, 1)] 1<>19 CDF[(0.0411, 0.005), (0.08, 0.0201), (0.1194, 0.0452), (0.1211, 0.0553), (0.1212, 0.1106), (0.1213, 0.1156), (0.158, 0.1256), (0.16, 0.1457), (0.1601, 0.1658), (0.171, 0.1759), (0.1737, 0.196), (0.2532, 0.206), (0.2922, 0.2211), (0.2923, 0.3266), (0.2924, 0.402), (0.2926, 0.407), (0.3322, 0.5025), (0.3323, 0.598), (0.4651, 0.603), (0.4652, 0.608), (0.4709, 0.6181), (0.471, 0.6432), (0.5054, 0.6533), (0.5101, 0.6884), (0.8498, 0.6985), (0.8878, 0.7035), (0.8879, 0.8141), (0.888, 0.8442), (0.8918, 0.8543), (0.9294, 0.8995), (0.9295, 0.9045), (0.934, 0.9095), (0.9341, 0.9749), (0.9507, 0.9899), (0.952, 0.995), (0.9915, 1)] 1<>18 CDF[(0.0387, 0.005), (0.0939, 0.0151), (0.094, 0.0201), (0.1339, 0.0302), (0.134, 0.1106), (0.1341, 0.1156), (0.1727, 0.196), (0.2492, 0.201), (0.2493, 0.206), (0.2891, 0.2111), (0.2892, 0.2161), (0.3034, 0.2764), (0.3035, 0.3065), (0.3047, 0.3568), (0.3048, 0.407), (0.3427, 0.4171), (0.3428, 0.4975), (0.3453, 0.5126), (0.3454, 0.5327), (0.3464, 0.5377), (0.3465, 0.5829), (0.3639, 0.5879), (0.3651, 0.598), (0.4588, 0.6332), (0.4589, 0.6784), (0.4973, 0.6834), (0.4974, 0.7588), (0.8469, 0.7688), (0.8864, 0.7789), (0.9009, 0.8191), (0.901, 0.8894), (0.94, 0.9698), (0.9506, 0.9849), (0.9781, 0.995), (0.9782, 1)] 1<>17 CDF[(0.0402, 0.005), (0.0403, 0.0151), (0.0404, 0.0201), (0.0802, 0.0251), (0.0803, 0.0352), (0.0818, 0.0452), (0.0843, 0.0704), (0.0844, 0.0854), (0.0845, 0.1005), (0.0851, 0.1106), (0.0852, 0.1156), (0.1192, 0.1206), (0.12, 0.1307), (0.1242, 0.1407), (0.1243, 0.1709), (0.1261, 0.1759), (0.1262, 0.1859), (0.1263, 0.191), (0.1266, 0.196), (0.2132, 0.201), (0.2135, 0.206), (0.25, 0.2412), (0.2501, 0.3719), (0.2502, 0.392), (0.253, 0.402), (0.2533, 0.407), (0.2897, 0.4171), (0.2898, 0.5075), (0.2911, 0.5226), (0.2912, 0.5779), (0.2913, 0.593), (0.2931, 0.598), (0.4234, 0.6181), (0.4235, 0.6382), (0.4236, 0.6432), (0.4632, 0.6482), (0.4676, 0.6633), (0.4677, 0.6683), (0.4678, 0.6734), (0.4679, 0.6884), (0.8073, 0.6985), (0.8479, 0.7035), (0.848, 0.7337), (0.8481, 0.7487), (0.8493, 0.7538), (0.8494, 0.8291), (0.8495, 0.8543), (0.8873, 0.8693), (0.8874, 0.8744), (0.889, 0.9045), (0.8891, 0.9497), (0.8892, 0.9648), (0.8906, 0.9698), (0.8907, 0.9749), (0.894, 1)] 1<>16 CDF[(0.0407, 0.005), (0.0409, 0.0151), (0.0415, 0.0201), (0.0813, 0.0251), (0.0814, 0.0955), (0.0867, 0.1005), (0.0868, 0.1055), (0.0869, 0.1106), (0.087, 0.1156), (0.1208, 0.1206), (0.1209, 0.1658), (0.121, 0.1759), (0.1267, 0.1859), (0.1268, 0.191), (0.127, 0.196), (0.2105, 0.201), (0.2107, 0.206), (0.2495, 0.2111), (0.2496, 0.2161), (0.251, 0.2312), (0.2511, 0.2864), (0.2512, 0.3065), (0.2513, 0.3266), (0.2514, 0.3568), (0.2515, 0.3769), (0.2516, 0.3869), (0.2518, 0.392), (0.2741, 0.397), (0.2754, 0.402), (0.2906, 0.4573), (0.2907, 0.5327), (0.2908, 0.5427), (0.292, 0.5729), (0.2921, 0.5779), (0.3148, 0.5879), (0.3151, 0.593), (0.3556, 0.598), (0.421, 0.6181), (0.4211, 0.6382), (0.4607, 0.6432), (0.4608, 0.6482), (0.4609, 0.6633), (0.4611, 0.6683), (0.4618, 0.6784), (0.8091, 0.6834), (0.8092, 0.6884), (0.8479, 0.6985), (0.848, 0.7588), (0.8493, 0.7688), (0.8535, 0.7739), (0.857, 0.7839), (0.8571, 0.8342), (0.8572, 0.8492), (0.8871, 0.9045), (0.8872, 0.9196), (0.8923, 0.9246), (0.897, 0.995), (0.9041, 1)] 1<>15 CDF[(0.0469, 0.005), (0.089, 0.0201), (0.1285, 0.0251), (0.1297, 0.1156), (0.1706, 0.1759), (0.1707, 0.1809), (0.1722, 0.191), (0.1727, 0.196), (0.2577, 0.201), (0.258, 0.206), (0.2996, 0.2312), (0.2997, 0.2915), (0.2998, 0.3467), (0.2999, 0.392), (0.3, 0.397), (0.3002, 0.402), (0.3003, 0.407), (0.3377, 0.4171), (0.3378, 0.4221), (0.3395, 0.4573), (0.3396, 0.5678), (0.342, 0.5729), (0.3491, 0.5879), (0.3698, 0.593), (0.3699, 0.598), (0.4701, 0.603), (0.4702, 0.6332), (0.4976, 0.6432), (0.4977, 0.6533), (0.5108, 0.6633), (0.5109, 0.6884), (0.5408, 0.6985), (0.5422, 0.7035), (0.5423, 0.7085), (0.8545, 0.7136), (0.8546, 0.7186), (0.8929, 0.7286), (0.896, 0.7337), (0.8961, 0.7839), (0.8962, 0.794), (0.8963, 0.8291), (0.8964, 0.8643), (0.9376, 0.8693), (0.9377, 0.9296), (0.9378, 0.9447), (0.9388, 0.9598), (0.9389, 0.9648), (0.9401, 0.9799), (0.9402, 0.9849), (0.9479, 0.9899), (0.9482, 1)] 1<>14 CDF[(0.0392, 0.005), (0.0788, 0.0151), (0.0789, 0.0201), (0.1173, 0.0452), (0.1174, 0.0553), (0.1281, 0.0704), (0.1299, 0.0804), (0.13, 0.1005), (0.132, 0.1055), (0.1336, 0.1106), (0.1569, 0.1156), (0.157, 0.1256), (0.1639, 0.1307), (0.1671, 0.1457), (0.1687, 0.1508), (0.1691, 0.1608), (0.1702, 0.1658), (0.173, 0.1759), (0.1779, 0.1809), (0.178, 0.191), (0.2046, 0.196), (0.2506, 0.201), (0.2511, 0.206), (0.2889, 0.2563), (0.289, 0.3417), (0.2891, 0.3668), (0.2892, 0.3869), (0.2905, 0.392), (0.3043, 0.407), (0.3283, 0.5829), (0.3445, 0.593), (0.3446, 0.598), (0.4601, 0.6181), (0.4603, 0.6231), (0.4622, 0.6482), (0.4638, 0.6633), (0.4995, 0.6683), (0.4997, 0.6884), (0.5028, 0.6985), (0.5029, 0.7286), (0.8496, 0.7387), (0.8851, 0.794), (0.8852, 0.8643), (0.8887, 0.8744), (0.9246, 0.8894), (0.9247, 1)] 1<>13 CDF[(0.0403, 0.0151), (0.045, 0.0201), (0.0799, 0.0302), (0.0845, 0.0352), (0.1456, 0.0402), (0.1457, 0.0553), (0.1458, 0.0653), (0.1472, 0.0905), (0.1473, 0.0955), (0.1762, 0.1106), (0.1775, 0.1156), (0.1893, 0.1558), (0.1894, 0.1709), (0.1909, 0.1759), (0.2157, 0.1809), (0.216, 0.1859), (0.2413, 0.206), (0.2521, 0.2111), (0.2522, 0.2714), (0.2523, 0.3417), (0.2547, 0.3467), (0.2571, 0.3568), (0.2572, 0.392), (0.2595, 0.407), (0.2925, 0.4121), (0.2926, 0.5377), (0.2939, 0.5427), (0.2963, 0.5829), (0.2998, 0.598), (0.4266, 0.6131), (0.4267, 0.6332), (0.427, 0.6382), (0.4271, 0.6482), (0.4657, 0.6583), (0.4658, 0.6734), (0.4671, 0.6884), (0.4688, 0.6935), (0.4689, 0.6985), (0.5128, 0.7035), (0.5129, 0.7085), (0.5537, 0.7186), (0.8081, 0.7236), (0.8099, 0.7286), (0.848, 0.7789), (0.8481, 0.809), (0.8494, 0.8191), (0.8495, 0.8241), (0.8539, 0.8693), (0.889, 0.8945), (0.8891, 0.9397), (0.8892, 0.9548), (0.8927, 0.9698), (0.8928, 0.9899), (0.8931, 1)] 1<>12 CDF[(0.0431, 0.005), (0.0819, 0.0201), (0.1217, 0.0251), (0.1218, 0.0905), (0.1497, 0.0955), (0.1498, 0.1005), (0.1526, 0.1055), (0.1527, 0.1156), (0.1632, 0.1206), (0.1633, 0.1608), (0.1656, 0.1658), (0.1657, 0.1709), (0.1888, 0.1809), (0.1916, 0.1859), (0.1917, 0.196), (0.2533, 0.206), (0.2928, 0.2312), (0.2929, 0.3116), (0.293, 0.3266), (0.2944, 0.3317), (0.3108, 0.3518), (0.3109, 0.3819), (0.3161, 0.3869), (0.3162, 0.397), (0.332, 0.4573), (0.3321, 0.5126), (0.3429, 0.5176), (0.3504, 0.5226), (0.3505, 0.5628), (0.3508, 0.5678), (0.3509, 0.5729), (0.3557, 0.5879), (0.4012, 0.593), (0.435, 0.598), (0.469, 0.603), (0.4691, 0.608), (0.4714, 0.6131), (0.4725, 0.6181), (0.4726, 0.6281), (0.486, 0.6332), (0.5083, 0.6382), (0.5107, 0.6432), (0.5119, 0.6533), (0.5297, 0.6683), (0.5358, 0.6784), (0.5434, 0.6834), (0.5762, 0.6985), (0.8501, 0.7035), (0.8502, 0.7085), (0.8892, 0.7588), (0.8893, 0.794), (0.8894, 0.799), (0.8895, 0.809), (0.8896, 0.8543), (0.8897, 0.8593), (0.9286, 0.8744), (0.9301, 0.9045), (0.9302, 1)] 1<>11 CDF[(0.0401, 0.0151), (0.0478, 0.0201), (0.0799, 0.0302), (0.0893, 0.0352), (0.1592, 0.0452), (0.1593, 0.0503), (0.1605, 0.0603), (0.1627, 0.0653), (0.1628, 0.0704), (0.163, 0.0804), (0.1631, 0.0854), (0.1633, 0.0955), (0.1977, 0.1005), (0.1993, 0.1106), (0.2018, 0.1206), (0.2118, 0.1256), (0.2119, 0.1307), (0.2195, 0.1658), (0.2279, 0.1709), (0.228, 0.1759), (0.2281, 0.1809), (0.2329, 0.1859), (0.2496, 0.2261), (0.2517, 0.2362), (0.2518, 0.2915), (0.2519, 0.3166), (0.2597, 0.3266), (0.2598, 0.3668), (0.2599, 0.3719), (0.2669, 0.3769), (0.2681, 0.3819), (0.2682, 0.3869), (0.2727, 0.392), (0.2728, 0.397), (0.273, 0.402), (0.2731, 0.407), (0.2888, 0.4271), (0.2889, 0.4472), (0.2919, 0.5025), (0.292, 0.5276), (0.2994, 0.5477), (0.3006, 0.5528), (0.3007, 0.5829), (0.3165, 0.5879), (0.3168, 0.593), (0.3169, 0.598), (0.4216, 0.608), (0.4217, 0.6181), (0.4219, 0.6231), (0.4235, 0.6482), (0.4606, 0.6734), (0.462, 0.6935), (0.4633, 0.6985), (0.8075, 0.7035), (0.8078, 0.7085), (0.8477, 0.809), (0.8562, 0.8191), (0.8563, 0.8593), (0.8874, 0.9196), (0.8898, 0.9296), (0.8922, 0.9347), (0.896, 0.9799), (0.8961, 0.9849), (0.9293, 0.995), (0.9307, 1)] 1<>10 CDF[(0.0387, 0.005), (0.0388, 0.0201), (0.0777, 0.0251), (0.0794, 0.0955), (0.0795, 0.1156), (0.1184, 0.1206), (0.1185, 0.1457), (0.1186, 0.1759), (0.1187, 0.1859), (0.119, 0.191), (0.1195, 0.196), (0.2094, 0.206), (0.2484, 0.2714), (0.2485, 0.3869), (0.2486, 0.402), (0.2487, 0.407), (0.2874, 0.4824), (0.2875, 0.598), (0.4204, 0.6231), (0.4205, 0.6432), (0.4206, 0.6482), (0.4595, 0.6683), (0.4597, 0.6734), (0.4686, 0.6784), (0.4699, 0.6935), (0.4711, 0.6985), (0.8072, 0.7035), (0.8074, 0.7085), (0.8459, 0.7136), (0.8471, 0.7337), (0.8472, 0.8392), (0.8473, 0.8593), (0.8875, 0.8995), (0.8876, 0.9849), (0.8913, 0.9899), (0.8914, 0.995), (0.8944, 1)] 1<>9 CDF[(0.0425, 0.0151), (0.0476, 0.0201), (0.0834, 0.0653), (0.087, 0.0704), (0.1145, 0.0754), (0.1291, 0.0804), (0.1496, 0.0905), (0.1497, 0.0955), (0.1513, 0.1005), (0.152, 0.1055), (0.1526, 0.1156), (0.1533, 0.1206), (0.165, 0.1307), (0.1651, 0.1457), (0.1652, 0.1508), (0.1664, 0.1558), (0.1894, 0.1658), (0.191, 0.1709), (0.202, 0.1809), (0.2221, 0.196), (0.2545, 0.2362), (0.2546, 0.3367), (0.2584, 0.3869), (0.2624, 0.397), (0.2649, 0.402), (0.2679, 0.407), (0.2934, 0.4874), (0.2935, 0.5427), (0.2981, 0.593), (0.3626, 0.598), (0.4329, 0.6131), (0.433, 0.6281), (0.4331, 0.6482), (0.4332, 0.6533), (0.4334, 0.6583), (0.4723, 0.6734), (0.4724, 0.7136), (0.4725, 0.7186), (0.8079, 0.7286), (0.8466, 0.7387), (0.8496, 0.7638), (0.8497, 0.809), (0.8498, 0.8291), (0.8545, 0.8392), (0.8557, 0.8442), (0.8558, 0.8693), (0.8892, 0.8945), (0.8893, 0.9447), (0.8894, 0.9598), (0.894, 1)] 1<>8 CDF[(0.0777, 0.005), (0.3122, 0.0101), (0.3264, 0.0201), (0.353, 0.0251), (0.3531, 0.0503), (0.3532, 0.0955), (0.3678, 0.1005), (0.3679, 0.1055), (0.3691, 0.1106), (0.3692, 0.1156), (0.3945, 0.1307), (0.3946, 0.1508), (0.4086, 0.1608), (0.41, 0.1859), (0.4101, 0.191), (0.4102, 0.196), (0.4412, 0.201), (0.4452, 0.206), (0.45, 0.2513), (0.4529, 0.2563), (0.4544, 0.2613), (0.4558, 0.2663), (0.4559, 0.2714), (0.4683, 0.2764), (0.472, 0.2915), (0.4808, 0.2965), (0.4809, 0.3216), (0.481, 0.3317), (0.4974, 0.3367), (0.4975, 0.3417), (0.499, 0.3518), (0.5002, 0.3668), (0.5083, 0.3719), (0.5221, 0.397), (0.5222, 0.402), (0.5223, 0.4121), (0.5235, 0.4322), (0.5249, 0.4472), (0.525, 0.4573), (0.5359, 0.4623), (0.536, 0.4774), (0.5373, 0.4925), (0.5519, 0.4975), (0.5639, 0.5025), (0.564, 0.5528), (0.5785, 0.5879), (0.5798, 0.608), (0.5811, 0.6131), (0.5955, 0.6231), (0.6191, 0.6432), (0.6202, 0.6482), (0.6203, 0.6834), (0.6228, 0.6884), (0.6349, 0.6985), (0.6399, 0.7085), (0.64, 0.7136), (0.6546, 0.7186), (0.6604, 0.7437), (0.6628, 0.7487), (0.6654, 0.7538), (0.6787, 0.7638), (0.68, 0.7739), (0.6801, 0.7889), (0.6901, 0.799), (0.7323, 0.809), (0.7336, 0.8191), (0.7444, 0.8241), (0.7493, 0.8291), (0.7829, 0.8492), (0.783, 0.8543), (0.7842, 0.8593), (0.8858, 0.8693), (0.924, 0.8744), (0.9241, 0.8794), (1.12, 0.8844), (1.1201, 0.8894), (1.1203, 0.9045), (1.1205, 0.9095), (1.1342, 0.9146), (1.1345, 0.9196), (1.1347, 0.9296), (1.1349, 0.9347), (1.1354, 0.9397), (1.1618, 0.9447), (1.1619, 0.9497), (1.162, 0.9548), (1.1621, 0.9648), (1.1623, 0.9698), (1.1758, 0.9849), (1.176, 0.9899), (1.1766, 0.995), (1.1771, 1)] 1<>7 CDF[(0.05, 0.0101), (0.0503, 0.0151), (0.0505, 0.0201), (0.0924, 0.0302), (0.0938, 0.0352), (0.1072, 0.0402), (0.1183, 0.0452), (0.1203, 0.0503), (0.1204, 0.0553), (0.1378, 0.0603), (0.1381, 0.0653), (0.1422, 0.0704), (0.1565, 0.0754), (0.1602, 0.0854), (0.1603, 0.0905), (0.1639, 0.0955), (0.177, 0.1005), (0.1771, 0.1307), (0.1772, 0.1357), (0.1785, 0.1407), (0.1903, 0.1508), (0.2042, 0.1558), (0.2126, 0.1658), (0.2181, 0.1759), (0.2204, 0.206), (0.2535, 0.2111), (0.2581, 0.2161), (0.2606, 0.2864), (0.2607, 0.3668), (0.2783, 0.407), (0.2998, 0.4372), (0.2999, 0.5528), (0.3186, 0.5578), (0.3221, 0.598), (0.4229, 0.6382), (0.4241, 0.6432), (0.4633, 0.6583), (0.4701, 0.6633), (0.4756, 0.6683), (0.4774, 0.6734), (0.4831, 0.6834), (0.4911, 0.7035), (0.5104, 0.7085), (0.5274, 0.7186), (0.8103, 0.7286), (0.8502, 0.7387), (0.8589, 0.7739), (0.859, 0.8191), (0.8591, 0.8643), (0.8592, 0.8693), (0.8971, 0.8894), (0.899, 1)] 1<>6 CDF[(0.041, 0.005), (0.0412, 0.0101), (0.0414, 0.0201), (0.0825, 0.0251), (0.0826, 0.0452), (0.0827, 0.0804), (0.0839, 0.1156), (0.123, 0.196), (0.2093, 0.201), (0.2107, 0.206), (0.2497, 0.2161), (0.2511, 0.2211), (0.2512, 0.3065), (0.2513, 0.3568), (0.2514, 0.392), (0.2515, 0.407), (0.2912, 0.4874), (0.2913, 0.598), (0.4195, 0.608), (0.421, 0.6382), (0.4211, 0.6432), (0.4597, 0.6884), (0.8078, 0.6935), (0.8079, 0.6985), (0.8512, 0.8442), (0.8678, 0.8543), (0.8923, 0.8693), (0.8924, 0.9548), (0.9028, 0.9849), (0.9257, 0.995), (0.9292, 1)] 1<>5 CDF[(0.0397, 0.005), (0.0398, 0.0151), (0.0399, 0.0201), (0.0788, 0.0905), (0.08, 0.0955), (0.089, 0.1156), (0.1169, 0.1759), (0.1289, 0.196), (0.2113, 0.206), (0.2489, 0.2161), (0.249, 0.2312), (0.2504, 0.2714), (0.2505, 0.402), (0.2506, 0.407), (0.2879, 0.4322), (0.2909, 0.598), (0.4219, 0.603), (0.422, 0.6884), (0.4646, 0.7789), (0.8081, 0.7889), (0.847, 0.8342), (0.8471, 0.8995), (0.8871, 0.9397), (0.8872, 0.9799), (0.8916, 0.9899), (0.899, 1)] 1<>4 CDF[(0.0404, 0.0151), (0.0405, 0.0201), (0.0808, 0.0251), (0.0809, 0.0754), (0.081, 0.1005), (0.0894, 0.1055), (0.0895, 0.1106), (0.0896, 0.1156), (0.1213, 0.1508), (0.1214, 0.1809), (0.1284, 0.196), (0.2113, 0.201), (0.2114, 0.206), (0.2515, 0.2111), (0.2516, 0.2161), (0.2523, 0.2513), (0.2524, 0.3819), (0.2526, 0.3869), (0.2914, 0.392), (0.2915, 0.5176), (0.2916, 0.5528), (0.2929, 0.5578), (0.3421, 0.5628), (0.3422, 0.5678), (0.3435, 0.5729), (0.3592, 0.5779), (0.3817, 0.5879), (0.383, 0.593), (0.398, 0.598), (0.4223, 0.6834), (0.4605, 0.6884), (0.4606, 0.6935), (0.4618, 0.7638), (0.4619, 0.7688), (0.8084, 0.7739), (0.8085, 0.7789), (0.8482, 0.7839), (0.8483, 0.794), (0.8484, 0.8191), (0.8488, 0.8593), (0.8489, 0.8894), (0.8492, 0.8945), (0.8897, 0.9095), (0.8898, 0.9899), (0.8899, 1)] 1<>3 CDF[(0.2288, 0.005), (0.2289, 0.0201), (0.2676, 0.0302), (0.2677, 0.0402), (0.27, 0.0452), (0.2701, 0.0503), (0.2853, 0.0553), (0.2854, 0.0603), (0.295, 0.0653), (0.2982, 0.0754), (0.2983, 0.0804), (0.2985, 0.0905), (0.311, 0.1005), (0.3111, 0.1055), (0.3242, 0.1106), (0.3243, 0.1307), (0.3251, 0.1357), (0.3263, 0.1407), (0.3362, 0.1457), (0.3364, 0.1508), (0.3365, 0.1658), (0.3366, 0.1709), (0.3379, 0.1809), (0.338, 0.191), (0.35, 0.196), (0.353, 0.2362), (0.3531, 0.2663), (0.3561, 0.2764), (0.3562, 0.2814), (0.3647, 0.2915), (0.3648, 0.3015), (0.3668, 0.3065), (0.3789, 0.3116), (0.379, 0.3317), (0.38, 0.3417), (0.3801, 0.3467), (0.3926, 0.3518), (0.3927, 0.397), (0.3928, 0.402), (0.3946, 0.407), (0.3963, 0.4121), (0.4091, 0.4171), (0.4094, 0.4221), (0.4203, 0.4472), (0.4227, 0.4523), (0.4363, 0.4673), (0.438, 0.4724), (0.4381, 0.4774), (0.4389, 0.4975), (0.4496, 0.5075), (0.451, 0.5276), (0.4554, 0.5327), (0.4779, 0.5377), (0.48, 0.5477), (0.4801, 0.5628), (0.4942, 0.5678), (0.497, 0.5879), (0.4972, 0.598), (0.4973, 0.6131), (0.4974, 0.6281), (0.4975, 0.6332), (0.5205, 0.6382), (0.5206, 0.6482), (0.5347, 0.6583), (0.5348, 0.6784), (0.536, 0.6834), (0.5361, 0.7337), (0.5362, 0.7588), (0.5378, 0.7889), (0.549, 0.809), (0.5551, 0.8141), (0.562, 0.8241), (0.564, 0.8342), (0.5641, 0.8442), (0.5642, 0.8492), (0.5759, 0.8844), (0.576, 0.9497), (0.5772, 0.9548), (0.5773, 0.9598), (0.6059, 0.9648), (0.6078, 0.9749), (0.6479, 0.9799), (0.8101, 0.9899), (0.8497, 1)] 1<>2 CDF[(0.2545, 0.005), (0.4649, 0.0151), (0.465, 0.0201), (0.5053, 0.0352), (0.5084, 0.0653), (0.5085, 0.0854), (0.5221, 0.0905), (0.5222, 0.1005), (0.5361, 0.1055), (0.5362, 0.1206), (0.5394, 0.1256), (0.5491, 0.1457), (0.5492, 0.1608), (0.5614, 0.1658), (0.5626, 0.1709), (0.5627, 0.1859), (0.5639, 0.191), (0.5756, 0.2111), (0.6061, 0.2161), (0.6744, 0.2513), (0.6769, 0.2764), (0.677, 0.3065), (0.6771, 0.3216), (0.7149, 0.3317), (0.715, 0.3618), (0.7151, 0.3668), (0.7162, 0.397), (0.721, 0.402), (0.7335, 0.4422), (0.7336, 0.4523), (0.7348, 0.4824), (0.7391, 0.4874), (0.7502, 0.4925), (0.7613, 0.4975), (0.7614, 0.5025), (0.7666, 0.5276), (0.7667, 0.5477), (0.7752, 0.5578), (0.7753, 0.608), (0.7796, 0.6181), (0.7918, 0.6231), (0.7919, 0.6382), (0.7937, 0.6432), (0.7938, 0.6533), (0.7956, 0.6583), (0.8049, 0.6683), (0.805, 0.6884), (0.808, 0.7136), (0.821, 0.7186), (0.8304, 0.7236), (0.8305, 0.7387), (0.833, 0.7538), (0.8354, 0.7588), (1.062, 0.7638), (1.0622, 0.7688), (1.1016, 0.7739), (1.105, 0.7789), (1.2719, 0.7889), (1.272, 0.8894), (1.3115, 0.9598), (1.3116, 0.9698), (1.3553, 0.9749), (1.3579, 0.9799), (1.4161, 0.9849), (1.4711, 0.995), (1.4966, 1)] 1<>1 CDF[(0.0419, 0.005), (0.0833, 0.0101), (0.1119, 0.0151), (0.125, 0.0251), (0.1251, 0.0553), (0.1252, 0.0955), (0.1532, 0.1005), (0.1533, 0.1055), (0.1958, 0.1407), (0.1959, 0.1508), (0.196, 0.191), (0.2366, 0.196), (0.2514, 0.201), (0.2939, 0.2261), (0.294, 0.2362), (0.3073, 0.2412), (0.3219, 0.2513), (0.322, 0.2613), (0.3222, 0.2714), (0.3224, 0.2764), (0.3226, 0.2814), (0.3235, 0.2864), (0.336, 0.2915), (0.3361, 0.3216), (0.3525, 0.3266), (0.3638, 0.3317), (0.3639, 0.3367), (0.364, 0.3568), (0.3642, 0.3618), (0.3644, 0.3668), (0.3781, 0.3719), (0.3802, 0.3819), (0.3803, 0.3869), (0.3822, 0.392), (0.3823, 0.4121), (0.3921, 0.4171), (0.4064, 0.4322), (0.4079, 0.4422), (0.4474, 0.4623), (0.451, 0.4673), (0.462, 0.4724), (0.4754, 0.4774), (0.4782, 0.5176), (0.4914, 0.5226), (0.5034, 0.5276), (0.5057, 0.5327), (0.5203, 0.5377), (0.5204, 0.5477), (0.5232, 0.5578), (0.5233, 0.5628), (0.5234, 0.5678), (0.5322, 0.5729), (0.5327, 0.5779), (0.5463, 0.5829), (0.5489, 0.593), (0.549, 0.603), (0.5492, 0.608), (0.5598, 0.6131), (0.5599, 0.6181), (0.5631, 0.6332), (0.5729, 0.6382), (0.573, 0.6432), (0.5763, 0.6482), (0.5766, 0.6583), (0.5874, 0.6683), (0.5899, 0.6834), (0.5919, 0.6935), (0.5921, 0.7035), (0.6165, 0.7085), (0.6166, 0.7186), (0.6317, 0.7236), (0.6318, 0.7337), (0.6358, 0.7387), (0.8505, 0.7487), (0.8903, 0.7538), (0.8917, 0.7739), (0.8918, 0.7839), (0.892, 0.8141), (0.9047, 0.8191), (0.9187, 0.8442), (0.9188, 0.8593), (0.9189, 0.8794), (0.93, 0.8894), (0.9314, 0.9146), (0.9331, 0.9347), (0.946, 0.9397), (0.958, 0.9899), (0.9581, 0.995), (0.9593, 1)]
